PROCESS_52,20,0,205,44,94,0
PROCESS_182,31,10,297,7,188,0
PROCESS_167,32,12,403,16,288,0
PROCESS_12,32,12,491,47,379,0
PROCESS_108,32,16,585,185,467,0
PROCESS_130,19,7,621,247,555,0
PROCESS_11,32,7,908,9,747,0
PROCESS_112,22,12,811,479,756,0
PROCESS_29,30,8,1018,621,900,0
PROCESS_6,32,14,1142,10,1026,0
PROCESS_96,22,10,1089,763,1039,0
PROCESS_27,31,6,1406,860,1240,0
PROCESS_14,12,6,1152,935,1128,0
PROCESS_128,18,12,1335,1080,1264,0
PROCESS_120,21,3,1570,1196,1484,0
PROCESS_28,16,6,1463,1235,1418,0
PROCESS_161,31,10,1729,1279,1585,0
PROCESS_95,27,11,1759,1427,1683,0
PROCESS_142,28,6,1874,1485,1751,0
PROCESS_162,28,12,1932,1478,1843,0
PROCESS_101,30,9,2132,1531,2000,0
PROCESS_89,18,8,2062,1736,2012,0
PROCESS_165,19,11,2109,1865,2063,0
PROCESS_104,25,4,2314,1977,2199,0
PROCESS_70,8,2,2196,2070,2170,0
PROCESS_173,27,8,2373,2075,2296,0
PROCESS_140,27,11,2427,2118,2334,0
PROCESS_1,25,4,2630,2228,2530,0
PROCESS_65,35,19,2719,2326,2623,0
PROCESS_166,28,11,2794,2383,2691,0
PROCESS_137,18,6,2878,2576,2832,0
PROCESS_43,28,6,2943,2568,2812,0
PROCESS_155,24,13,2916,2603,2845,0
PROCESS_22,16,6,3113,0,3057,0
PROCESS_93,25,3,3189,2781,3081,0
PROCESS_83,17,10,3165,3024,3117,0
PROCESS_119,29,9,3432,1,3321,0
PROCESS_26,28,8,3409,3046,3302,0
PROCESS_85,11,5,3407,3156,3384,0
PROCESS_21,24,8,3456,3034,3380,0
PROCESS_45,31,6,3641,3286,3522,0
PROCESS_68,20,6,3703,3427,3643,0
PROCESS_55,20,8,3843,3552,3765,0
PROCESS_42,22,4,3918,3540,3832,0
PROCESS_176,17,11,3833,3689,3802,0
PROCESS_31,13,4,4021,3847,3972,0
PROCESS_16,24,1,4227,3844,4092,0
PROCESS_124,21,11,4188,3978,4121,0
PROCESS_51,19,9,4125,3831,4060,0
PROCESS_150,19,2,15203,3935,15120,0
PROCESS_50,22,4,4482,4162,4360,0
PROCESS_197,16,8,4384,4213,4339,0
PROCESS_178,20,7,4417,4097,4341,0
PROCESS_183,22,5,4515,4176,4414,0
PROCESS_115,20,7,4548,4269,4497,0
PROCESS_34,18,11,4573,4250,4538,0
PROCESS_192,7,2,4608,4539,4582,0
PROCESS_188,16,2,4846,4657,4761,0
PROCESS_25,27,8,4914,4616,4823,0
PROCESS_24,34,10,5126,4690,4999,0
PROCESS_110,26,10,5115,4734,5025,0
PROCESS_99,29,9,5291,4838,5183,0
PROCESS_106,18,10,5140,4665,5074,0
PROCESS_196,16,5,5228,4987,5162,0
PROCESS_109,9,4,5303,5089,5267,0
PROCESS_20,15,2,5422,5140,5336,0
PROCESS_17,29,5,5572,5189,5446,0
PROCESS_190,30,12,5596,5258,5493,0
PROCESS_69,25,9,5750,5318,5643,0
PROCESS_73,15,7,5746,5463,5706,0
PROCESS_132,22,4,5988,5726,5887,0
PROCESS_56,20,13,6177,5770,6039,0
PROCESS_53,20,13,6031,5751,5955,0
PROCESS_79,18,7,6258,6002,6187,0
PROCESS_19,30,6,6505,6035,6353,0
PROCESS_193,8,3,6245,6138,6225,0
PROCESS_185,36,14,6554,6153,6429,0
PROCESS_147,27,12,6516,6117,6453,0
PROCESS_133,21,9,6718,6337,6656,0
PROCESS_84,15,5,6556,6360,6515,0
PROCESS_74,15,6,6685,6438,6633,0
PROCESS_195,27,5,6888,6612,6787,0
PROCESS_136,21,10,6901,6647,6827,0
PROCESS_186,27,9,6985,6675,6883,0
PROCESS_32,27,7,7145,6779,7032,0
PROCESS_160,32,15,7260,6832,7183,0
PROCESS_3,30,10,7343,6931,7227,0
PROCESS_144,35,13,7436,6896,7267,0
PROCESS_10,11,5,7702,7171,7661,0
PROCESS_164,26,13,7436,7182,7373,0
PROCESS_189,37,12,7679,7189,7546,0
PROCESS_175,19,10,7761,7426,7723,0
PROCESS_126,30,10,7892,7482,7764,0
PROCESS_107,30,10,7910,7484,7805,0
PROCESS_143,23,12,7970,7629,7908,0
PROCESS_81,7,1,7959,7688,7948,0
PROCESS_63,27,5,8278,0,8180,0
PROCESS_113,26,14,8284,8022,8201,0
PROCESS_13,24,8,8387,8089,8304,0
PROCESS_64,16,6,8323,8057,8276,0
PROCESS_62,11,4,8285,8140,8258,0
PROCESS_169,13,6,8472,8275,8429,0
PROCESS_163,10,2,8428,8229,8382,0
PROCESS_41,24,3,8694,8429,8595,0
PROCESS_94,32,16,8709,8392,8593,0
PROCESS_76,28,8,8884,8465,8765,0
PROCESS_200,26,9,8953,8477,8850,0
PROCESS_145,13,4,8934,8662,8886,0
PROCESS_49,13,0,11257,8695,11186,0
PROCESS_181,27,5,9183,8764,9064,0
PROCESS_88,25,13,9135,8886,9065,0
PROCESS_103,30,9,9316,8925,9175,0
PROCESS_199,28,11,9461,9071,9351,0
PROCESS_131,32,8,9568,9135,9457,0
PROCESS_118,27,12,9535,9131,9448,0
PROCESS_48,32,8,9782,9369,9634,0
PROCESS_46,13,8,9742,9442,9713,0
PROCESS_37,21,8,9790,9552,9724,0
PROCESS_72,22,10,9930,9610,9866,0
PROCESS_135,29,4,10133,9702,9967,0
PROCESS_30,20,7,9983,9707,9917,0
PROCESS_122,26,8,10243,9897,10144,0
PROCESS_151,22,10,10370,10020,10297,0
PROCESS_92,24,3,10442,10127,10329,0
PROCESS_58,17,7,10404,10205,10348,0
PROCESS_158,21,11,10475,10252,10404,0
PROCESS_152,17,1,10604,10249,10499,0
PROCESS_40,34,12,10861,10510,10752,0
PROCESS_187,12,6,10709,10516,10684,0
PROCESS_90,22,13,10878,10589,10830,0
PROCESS_121,21,5,10931,10683,10838,0
PROCESS_18,26,7,11111,10770,11004,0
PROCESS_141,28,11,11196,10822,11097,0
PROCESS_60,20,13,11251,10856,11208,0
PROCESS_36,11,5,11167,10910,11126,0
PROCESS_8,31,7,11417,11012,11267,0
PROCESS_114,28,12,11485,11058,11418,0
PROCESS_77,16,6,11451,11087,11412,0
PROCESS_44,16,9,11589,11344,11544,0
PROCESS_97,12,4,11723,11494,11656,0
PROCESS_180,19,6,11731,11528,11662,0
PROCESS_39,29,8,11836,11528,11728,0
PROCESS_71,32,9,12070,11651,11919,0
PROCESS_61,26,12,12061,11725,11975,0
PROCESS_168,14,7,12033,11783,12005,0
PROCESS_149,14,5,12194,11950,12155,0
PROCESS_159,25,4,12321,12062,12207,0
PROCESS_57,34,11,12474,12169,12362,0
PROCESS_153,18,11,12411,12173,12348,0
PROCESS_129,24,6,12607,12244,12509,0
PROCESS_67,20,10,12560,12307,12505,0
PROCESS_98,26,6,12687,12308,12545,0
PROCESS_87,18,6,12703,12494,12634,0
PROCESS_105,17,5,12903,12632,12844,0
PROCESS_191,10,5,12787,12544,12765,0
PROCESS_111,28,4,13100,12802,12955,0
PROCESS_7,26,10,13114,12857,13023,0
PROCESS_35,15,10,13094,12855,13061,0
PROCESS_15,22,2,13270,12979,13162,0
PROCESS_170,17,7,13350,13181,13288,0
PROCESS_75,14,7,13212,12998,13176,0
PROCESS_86,26,4,13421,13029,13318,0
PROCESS_134,17,11,13420,13102,13376,0
PROCESS_5,6,1,13342,13229,13325,0
PROCESS_91,13,5,13564,13421,13504,0
PROCESS_172,13,0,13725,13382,13687,0
PROCESS_54,14,4,13476,13351,13429,0
PROCESS_174,16,5,13729,13514,13666,0
PROCESS_177,11,4,13685,13591,13657,0
PROCESS_179,27,12,13866,13621,13791,0
PROCESS_80,19,8,13911,13673,13843,0
PROCESS_127,19,7,13921,13632,13851,0
PROCESS_102,10,5,13882,13721,13858,0
PROCESS_146,16,6,14092,13819,13977,0
PROCESS_82,28,9,14202,13875,14097,0
PROCESS_100,29,12,14321,13932,14233,0
PROCESS_156,15,8,14287,13991,14241,0
PROCESS_78,15,6,14377,14043,14342,0
PROCESS_33,24,6,14415,14093,14329,0
PROCESS_123,20,10,14396,14229,14328,0
PROCESS_184,24,5,14634,14307,14550,0
PROCESS_148,29,8,14632,14397,14530,0
PROCESS_59,17,9,14627,14428,14584,0
PROCESS_139,19,7,14747,14437,14688,0
PROCESS_47,20,7,14799,14466,14718,0
PROCESS_125,12,6,14897,14716,14855,0
PROCESS_117,39,19,15312,14684,15196,0
PROCESS_4,11,1,14970,14839,14899,0
PROCESS_23,17,6,14999,14816,14925,0
PROCESS_198,12,5,15003,14823,14969,0
PROCESS_38,15,8,15208,14908,15168,0
PROCESS_157,26,5,15418,15012,15307,0
PROCESS_9,34,11,15546,15008,15413,0
PROCESS_154,37,13,15665,15215,15530,0
PROCESS_66,28,15,15688,15224,15614,0
PROCESS_171,11,5,15699,15426,15659,0
PROCESS_138,16,2,15832,15499,15752,0
PROCESS_2,27,3,16011,15716,15897,0
PROCESS_194,13,8,15851,15718,15820,0
PROCESS_116,30,10,16108,15740,16001,0
